&RELEASES_CTRL
 NSPEC=          1,
 SPECNUM_REL=         1,
 /
&RELEASE
 IDATE1=   20140907,
 ITIME1=     070000,
 IDATE2=   20140907,
 ITIME2=     070000,
 LON1=  -75.255    ,
 LON2=  -75.255    ,
 LAT1=  38.005    ,
 LAT2=  38.005    ,
 Z1=  2500.000000    ,
 Z2=  2500.000000    ,
 ZKIND=     1,
 MASS=  1.0000E8    ,
 PARTS=   100000
 COMMENT="TEST1",
 /
