&SPECIES_PARAMS
 PSPECIES="O3              ",
 PRELDIFF=  1.50000000    ,
 PHENRY=  1.0E-02,
 PF0=  1.00000000    ,
 PDQUER=  0.00000000    ,
 PDSIGMA=  0.00000000    ,
 PWEIGHTMOLAR=  48.0000000    ,
 /
