&SPECIES_PARAMS
 PSPECIES="HNO3            ",
 PWETA_GAS=  5.0E-05,
 PWETB_GAS= 0.62    ,
 PRELDIFF=  1.9    ,
 PHENRY=  1.00000000E+14,
 PF0=  0.00000000    ,
 PDQUER=  0.00000000    ,
 PDSIGMA=  0.00000000    ,
 PWEIGHTMOLAR=  63.0000000    ,
 /
