&SPECIES_PARAMS
 PSPECIES="PAN             ",
 PRELDIFF=  2.6    ,
 PHENRY=  3.6    ,
 PF0= 0.1    ,
 PDQUER=  0.00000000    ,
 PDSIGMA=  0.00000000    ,
 PWEIGHTMOLAR=  121.000000    ,
 /
