&SPECIES_PARAMS
 PSPECIES="NO2             ",
 PWETA_GAS=  1.0E-05,
 PWETB_GAS= 0.620000005    ,
 PRELDIFF=  1.60000002    ,
 PHENRY=  1.0E-02,
 PF0= 0.1    ,
 PDQUER=  0.00000000    ,
 PDSIGMA=  0.00000000    ,
 PWEIGHTMOLAR=  46.0000000    ,
 /
