&SPECIES_PARAMS
 PSPECIES="HNO2            ",
 PRELDIFF=  1.6    ,
 PHENRY=  100000.000    ,
 PF0= 0.1    ,
 PDQUER=  0.00000000    ,
 PDSIGMA=  0.00000000    ,
 PWEIGHTMOLAR=  47.0000000    ,
 /
