&SPECIES_PARAMS
 PSPECIES="H2O2            ",
 PWETA_GAS=  1.0E-04,
 PWETB_GAS= 0.62    ,
 PRELDIFF=  1.4    ,
 PHENRY=  100000.000    ,
 PF0=  1.00000000    ,
 PWEIGHTMOLAR=  34.0000000    ,
 /
