&SPECIES_PARAMS
 PSPECIES="Sr-90           ",
 PDECAY= -999.900024    ,
 PCRAIN_AERO=  1.00000000    ,
 PCSNOW_AERO=  1.00000000    ,
 PCCN_AERO= 0.9    ,
 PIN_AERO= 0.1    ,
 PDENSITY=  2500.00000    ,
 PDQUER=  6.0E-07,
 PDSIGMA= 0.3    ,
 PWEIGHTMOLAR=  -9.9    ,
 /
